0.000914 0.0000000 0.0000000 0.0000000 -0.0000000 -0.0000000 -0.0000000 1.0000000
0.497082 0.0009074 0.0002790 -0.0000059 -0.0003681 -0.0027680 0.0008402 0.9999958
0.620519 0.0004457 0.0000136 0.0000255 0.0010365 -0.0003217 0.0014091 0.9999985
1.056695 -0.0007407 -0.0006718 0.0000974 -0.0000589 0.0014003 -0.0001153 0.9999990
1.143880 -0.0005294 -0.0004110 0.0003210 -0.0004494 0.0012697 0.0002880 0.9999990
2.708157 -0.0107609 0.0025116 -0.0444220 -0.0016618 0.0278289 -0.0008649 0.9996110
2.764122 -0.0113068 0.0022675 -0.0464981 0.0021356 0.0252182 -0.0026199 0.9996762
2.824169 -0.0124307 0.0031442 -0.0529275 0.0095096 0.0203360 -0.0031399 0.9997430
2.880133 -0.0127300 0.0044249 -0.0543563 0.0138486 0.0231309 -0.0019959 0.9996346
2.996647 -0.0133203 0.0068342 -0.0566212 0.0168707 0.0266569 0.0063728 0.9994820
3.112187 -0.0127492 0.0085964 -0.0558231 0.0173899 0.0249921 0.0074878 0.9995084
3.195938 -0.0122167 0.0099761 -0.0553127 0.0164639 0.0263600 0.0049710 0.9995046
3.340328 -0.0113723 0.0120283 -0.0539532 0.0158275 0.0290849 0.0039979 0.9994437
3.456182 -0.0108884 0.0138913 -0.0540755 0.0163848 0.0329188 0.0005144 0.9993236
3.572207 -0.0110725 0.0155493 -0.0546984 0.0161363 0.0384098 0.0010110 0.9991313
3.827885 -0.0103605 0.0197596 -0.0547674 0.0093442 0.0454771 0.0052472 0.9989079
3.916209 -0.0101392 0.0212987 -0.0547057 0.0078991 0.0486209 0.0041234 0.9987776
4.175914 -0.0098309 0.0236782 -0.0548480 0.0064171 0.0569378 0.0003921 0.9983571
4.348008 -0.0089758 0.0256113 -0.0551021 0.0025893 0.0580133 -0.0039002 0.9983048
4.896297 -0.0073866 0.0278603 -0.0549329 -0.0101462 0.0635186 -0.0072496 0.9979028
5.267979 -0.0070962 0.0284475 -0.0547824 -0.0103617 0.0593806 -0.0117447 0.9981126
6.308168 -0.0063746 0.0293019 -0.0552577 -0.0109629 0.0541965 -0.0185085 0.9982985
6.428450 -0.0060196 0.0300606 -0.0556853 -0.0159639 0.0554519 -0.0214859 0.9981025
6.515906 -0.0056104 0.0306962 -0.0560294 -0.0211827 0.0549214 -0.0232133 0.9979960
6.760231 -0.0040804 0.0325188 -0.0556658 -0.0294319 0.0569661 -0.0287537 0.9975279
7.484300 -0.0014757 0.0395607 -0.0566180 -0.0279733 0.0584334 -0.0593715 0.9961316
7.604245 -0.0013107 0.0398519 -0.0569938 -0.0287841 0.0585269 -0.0593335 0.9961052
8.208385 0.0001034 0.0429929 -0.0563565 -0.0809403 0.1022963 -0.0914553 0.9872285
8.295895 0.0007809 0.0432168 -0.0565610 -0.0869488 0.1042427 -0.0986042 0.9858248
8.388209 0.0007296 0.0434728 -0.0577656 -0.0875349 0.0895263 -0.0993530 0.9871432
8.600189 0.0031161 0.0438427 -0.0560918 -0.0915365 0.0319143 -0.1254158 0.9873568
8.687988 0.0026303 0.0431893 -0.0564680 -0.0948873 0.0129623 -0.1225650 0.9878290
8.780044 0.0023844 0.0426102 -0.0550294 -0.0984950 -0.0073113 -0.1173969 0.9881616
13.727979 -0.0041032 0.0481601 -0.0601344 0.0905318 0.0357634 -0.1979201 0.9753731
14.043997 -0.0044551 0.0483838 -0.0587533 0.0878107 0.0545824 -0.2011822 0.9740821
16.464040 -0.0067480 0.0478964 -0.0570086 0.0825664 0.1531558 -0.2046962 0.9632370
17.036027 -0.0074392 0.0479286 -0.0566841 0.0774440 0.1897183 -0.2145990 0.9549642
17.384226 -0.0075061 0.0478967 -0.0567174 0.0779693 0.2129867 -0.2207185 0.9485994
18.248332 -0.0074251 0.0478272 -0.0565943 0.0665810 0.3038778 -0.2425260 0.9189159
19.972371 -0.0075282 0.0476402 -0.0565779 0.1021399 0.4368441 -0.2703368 0.8518525
20.292554 -0.0077197 0.0474504 -0.0566217 0.1172296 0.4768535 -0.2848462 0.8232440
20.520398 -0.0075010 0.0476828 -0.0565844 0.1291343 0.4993123 -0.2923039 0.8053384
20.692066 -0.0076463 0.0476935 -0.0566840 0.1409347 0.5230619 -0.2952622 0.7869968
20.864108 -0.0078421 0.0479425 -0.0569398 0.1416267 0.5491790 -0.3032939 0.7657396
20.924589 -0.0074925 0.0480412 -0.0567449 0.1449427 0.5550506 -0.2933764 0.7647488
21.008340 -0.0076569 0.0481722 -0.0569607 0.1433110 0.5502044 -0.2929652 0.7687057
21.096423 -0.0079258 0.0479241 -0.0569811 0.1288112 0.5425181 -0.2962081 0.7754628
21.184586 -0.0076488 0.0476943 -0.0568950 0.1255351 0.5374640 -0.2949634 0.7799809
21.296161 -0.0078427 0.0478330 -0.0569513 0.1203143 0.5213844 -0.2769563 0.7981091
21.384256 -0.0078518 0.0478431 -0.0569565 0.1023468 0.4975244 -0.2658215 0.8193495
21.500195 -0.0078227 0.0478232 -0.0569487 0.0927163 0.4752284 -0.2575624 0.8361957
22.972371 -0.0075216 0.0477147 -0.0566283 0.0970714 0.3975911 -0.2350909 0.8816069
23.344344 -0.0074945 0.0477087 -0.0565973 0.0990720 0.3947286 -0.2268902 0.8848135
26.024487 -0.0074851 0.0476394 -0.0565607 0.0993033 0.3681631 -0.2229299 0.8971606
26.108092 -0.0074970 0.0476408 -0.0565723 0.1016692 0.3682609 -0.2237591 0.8966489
26.196078 -0.0074953 0.0476518 -0.0565767 0.1020618 0.3664705 -0.2257491 0.8968389
26.340057 -0.0074890 0.0476596 -0.0565767 0.1045751 0.3649045 -0.2242609 0.8975611
26.484062 -0.0074896 0.0476603 -0.0565794 0.1044792 0.3606100 -0.2268399 0.8986591
