8.433333 0.0000000 0.0000000 0.0000000 -0.0000000 -0.0000000 -0.0000000 1.0000000
8.666667 -0.0693478 -0.0004768 -0.0172915 0.0014611 -0.0087688 -0.0136663 0.9998671
8.900000 -0.1316849 0.0027108 -0.0328261 0.0064364 -0.0349297 -0.0180002 0.9992069
9.033333 -0.1541804 -0.0029088 -0.0427192 0.0121660 -0.0522411 -0.0178973 0.9984000
9.166667 -0.1630873 -0.0117463 -0.0582740 0.0180172 -0.0747309 -0.0100231 0.9969906
9.300000 -0.1692014 -0.0241339 -0.0693150 0.0190713 -0.0913216 -0.0040528 0.9956306
9.433333 -0.1789817 -0.0424546 -0.0848636 0.0256329 -0.1011112 0.0021575 0.9945425
9.566667 -0.1673283 -0.0641488 -0.0897950 0.0372524 -0.1026035 0.0049253 0.9940124
9.700000 -0.1536549 -0.0886476 -0.0940586 0.0498790 -0.0937831 0.0131436 0.9942555
9.833333 -0.1415181 -0.1068915 -0.0905761 0.0530647 -0.0862454 0.0239987 0.9945703
9.966667 -0.1298647 -0.1217019 -0.0866504 0.0534176 -0.0772141 0.0299247 0.9951327
10.100000 -0.1111767 -0.1429445 -0.0831705 0.0539165 -0.0698924 0.0428708 0.9951735
10.133333 -0.1049726 -0.1468222 -0.0805975 0.0542882 -0.0685632 0.0450613 0.9951490
10.166667 -0.1024823 -0.1499491 -0.0806679 0.0549566 -0.0654120 0.0480557 0.9951843
10.200000 -0.0994041 -0.1551814 -0.0813662 0.0550529 -0.0629296 0.0503865 0.9952237
10.233333 -0.0944173 -0.1575815 -0.0805006 0.0563675 -0.0614374 0.0523018 0.9951445
10.266667 -0.0887530 -0.1631577 -0.0806214 0.0562184 -0.0592902 0.0547798 0.9951499
10.300000 -0.0891912 -0.1627814 -0.0809224 0.0579602 -0.0544909 0.0568848 0.9952062
10.333333 -0.0870846 -0.1652709 -0.0770772 0.0584318 -0.0527122 0.0594205 0.9951263
10.366667 -0.0821645 -0.1669912 -0.0732871 0.0595678 -0.0456637 0.0625418 0.9952161
10.400000 -0.0803958 -0.1699158 -0.0738999 0.0582338 -0.0430204 0.0659841 0.9951905
10.433333 -0.0760280 -0.1767265 -0.0712261 0.0554753 -0.0418852 0.0679084 0.9952671
10.466667 -0.0666597 -0.1768175 -0.0629532 0.0563181 -0.0414550 0.0698234 0.9951053
10.500000 -0.0640490 -0.1828474 -0.0619375 0.0546558 -0.0390663 0.0734160 0.9950360
10.533333 -0.0625052 -0.1835401 -0.0582596 0.0552047 -0.0377821 0.0752739 0.9949165
10.566667 -0.0577114 -0.1771989 -0.0544515 0.0585605 -0.0357279 0.0771071 0.9946601
10.600000 -0.0502153 -0.1873720 -0.0533465 0.0565123 -0.0337041 0.0779584 0.9947829
10.633333 -0.0552243 -0.1887950 -0.0573232 0.0568017 -0.0290648 0.0794563 0.9947942
10.666667 -0.0539662 -0.1896232 -0.0515886 0.0577243 -0.0228992 0.0826142 0.9946449
10.700000 -0.0538701 -0.1913871 -0.0496659 0.0578825 -0.0197185 0.0845247 0.9945433
10.733333 -0.0487340 -0.1941420 -0.0550413 0.0571384 -0.0179237 0.0861310 0.9944825
10.766667 -0.0411255 -0.1983328 -0.0540285 0.0566445 -0.0161144 0.0870793 0.9944591
10.800000 -0.0342357 -0.2020124 -0.0514332 0.0565694 -0.0141739 0.0880189 0.9944102
10.833333 -0.0326879 -0.2059538 -0.0574381 0.0548188 -0.0104016 0.0889191 0.9944748
10.866667 -0.0219731 -0.2134350 -0.0544507 0.0519508 -0.0095190 0.0891846 0.9946138
10.900000 -0.0260915 -0.2195930 -0.0590353 0.0495110 -0.0034106 0.0915735 0.9945609
10.933333 -0.0221511 -0.2255673 -0.0617578 0.0475083 -0.0011727 0.0913593 0.9946834
10.966667 -0.0150290 -0.2299582 -0.0673074 0.0454506 0.0036321 0.0944833 0.9944818
11.000000 -0.0171265 -0.2220703 -0.0608147 0.0492730 0.0071070 0.0941976 0.9943081
11.100000 -0.0070202 -0.2155097 -0.0669173 0.0528300 0.0143170 0.0995157 0.9935294
11.133333 -0.0099171 -0.2112769 -0.0610184 0.0552318 0.0172771 0.0990692 0.9933963
11.166667 -0.0035275 -0.2115539 -0.0610943 0.0561290 0.0203356 0.0958614 0.9936028
11.200000 0.0072800 -0.2195372 -0.0635455 0.0544919 0.0227215 0.0967551 0.9935557
11.233333 -0.0085650 -0.2075228 -0.0594481 0.0620164 0.0339637 0.0957416 0.9928917
11.266667 -0.0015423 -0.2087112 -0.0705179 0.0635789 0.0445584 0.0934362 0.9925936
11.333333 0.0066214 -0.1942202 -0.0664829 0.0694712 0.0520923 0.0922875 0.9919391
11.366667 -0.0031155 -0.2028127 -0.0724456 0.0667204 0.0612124 0.0919512 0.9916382
11.400000 0.0009296 -0.1990143 -0.0730545 0.0679789 0.0634519 0.0933378 0.9912824
11.433333 0.0056041 -0.1980371 -0.0652529 0.0687094 0.0666034 0.0954550 0.9908236
11.466667 0.0066940 -0.1926111 -0.0522744 0.0714459 0.0708511 0.0976014 0.9901261
11.500000 0.0098445 -0.1940124 -0.0606415 0.0698115 0.0735902 0.1011857 0.9896829
11.533333 0.0048850 -0.1891077 -0.0467652 0.0727464 0.0809822 0.0975180 0.9892624
11.566667 0.0022228 -0.1915662 -0.0336156 0.0721061 0.0870963 0.1001446 0.9885272
11.600000 -0.0073153 -0.1915337 -0.0377452 0.0726324 0.1016745 0.0939281 0.9877066
11.633333 -0.0059553 -0.1944124 -0.0390878 0.0703603 0.1066456 0.0979582 0.9869551
11.666667 0.0036612 -0.1942642 -0.0317076 0.0704773 0.1096227 0.1025020 0.9861588
