8.333333 0.0000000 0.0000000 0.0000000 -0.0000000 -0.0000000 -0.0000000 1.0000000
8.433333 -0.0117203 0.0007748 -0.0047351 -0.0052335 -0.0145262 -0.0057242 0.9998645
8.766667 -0.0319566 -0.0067044 -0.0341170 -0.0046383 -0.0792544 -0.0034055 0.9968378
8.933333 -0.0390799 -0.0089148 -0.0479448 -0.0017072 -0.1122591 -0.0028826 0.9936733
9.100000 -0.0395251 -0.0113666 -0.0616346 0.0125149 -0.1451933 0.0046859 0.9893131
9.233333 -0.0384338 -0.0141622 -0.0751967 0.0173536 -0.1672627 0.0167560 0.9856172
9.400000 -0.0334049 -0.0171723 -0.0961501 0.0321188 -0.1874044 0.0332655 0.9811938
9.600000 -0.0313176 -0.0260125 -0.1021867 0.0600420 -0.1816217 0.0349644 0.9809108
9.800000 -0.0283258 -0.0228319 -0.1077967 0.0868451 -0.1605256 0.0557198 0.9816235
10.000000 -0.0249068 -0.0279260 -0.0952809 0.0955411 -0.1427054 0.0710016 0.9825813
10.233333 -0.0183490 -0.0334828 -0.0790968 0.1109120 -0.1162224 0.0922970 0.9826862
10.466667 -0.0222133 -0.0304797 0.0020542 0.1224612 -0.0862323 0.1024402 0.9833989
10.733333 -0.0157873 -0.0227480 0.0734376 0.1368091 -0.0596932 0.1143766 0.9821599
11.100000 -0.0133710 -0.0238175 0.0810490 0.1395875 -0.0170248 0.1316956 0.9812654
11.266667 -0.0068829 -0.0250104 0.0724516 0.1456039 0.0129357 0.1309461 0.9805536
11.300000 -0.0039134 -0.0208642 0.0775505 0.1480023 0.0168140 0.1277610 0.9805558
11.333333 -0.0037318 -0.0231256 0.0725262 0.1468547 0.0228922 0.1304880 0.9802462
11.366667 0.0022091 -0.0228780 0.0703891 0.1465588 0.0270634 0.1308043 0.9801420
11.400000 0.0041313 -0.0217932 0.0735177 0.1469913 0.0299327 0.1317683 0.9798647
11.466667 -0.0106565 -0.0214326 0.0705659 0.1472588 0.0438376 0.1369840 0.9785850
11.600000 -0.0122293 -0.0226739 0.0893139 0.1469617 0.0696832 0.1372259 0.9770955
11.633333 -0.0118328 -0.0233998 0.0909450 0.1461907 0.0750946 0.1399347 0.9764258
11.666667 -0.0116635 -0.0244770 0.0932220 0.1458075 0.0812026 0.1415167 0.9757660
11.700000 -0.0139137 -0.0245017 0.1022935 0.1473438 0.0878674 0.1440295 0.9745895
11.733333 -0.0043743 -0.0213364 0.1221642 0.1516327 0.0912129 0.1441112 0.9736117
11.766667 0.0162714 -0.0276192 0.1260780 0.1499351 0.0922349 0.1446247 0.9737022
11.833333 0.0169898 -0.0271564 0.1264417 0.1506442 0.1079883 0.1490707 0.9712995
11.866667 0.0040655 -0.0296586 0.0972775 0.1466531 0.1241649 0.1503740 0.9697750
11.900000 -0.0001936 -0.0302022 0.1061453 0.1497403 0.1411608 0.1435628 0.9680089
11.933333 -0.0078477 -0.0284160 0.1190150 0.1530332 0.1698758 0.1210654 0.9659535
11.966667 0.0014358 -0.0243521 0.1559762 0.1585333 0.1753594 0.1188836 0.9643562
12.000000 -0.0092871 -0.0222960 0.1329182 0.1581518 0.1915793 0.1068106 0.9627445
12.033333 -0.0201851 -0.0273462 0.0876616 0.1514030 0.2068546 0.0977548 0.9616300
12.066667 -0.0112290 -0.0277180 0.0993388 0.1481542 0.2095536 0.1174400 0.9593464
