8.466667 0.0000000 0.0000000 0.0000000 -0.0000000 -0.0000000 -0.0000000 1.0000000
8.666667 -0.0508465 -0.0037659 -0.0160702 0.0011009 -0.0086861 -0.0077656 0.9999315
8.900000 -0.1120161 -0.0015867 -0.0323863 0.0061409 -0.0361189 -0.0120984 0.9992554
9.000000 -0.1269374 -0.0078689 -0.0414101 0.0090617 -0.0506698 -0.0122258 0.9985995
9.133333 -0.1417335 -0.0167397 -0.0583742 0.0167971 -0.0704280 -0.0056125 0.9973596
9.266667 -0.1469638 -0.0298800 -0.0701435 0.0171117 -0.0903501 0.0025067 0.9957599
9.366667 -0.1490323 -0.0385507 -0.0780565 0.0224739 -0.1036961 0.0072710 0.9943285
9.500000 -0.1482361 -0.0598280 -0.0889731 0.0302896 -0.1058851 0.0102130 0.9938645
9.633333 -0.1403145 -0.0782505 -0.0950909 0.0454421 -0.0999537 0.0130340 0.9938684
9.766667 -0.1256718 -0.1004476 -0.0943941 0.0530774 -0.0919339 0.0265846 0.9939941
9.900000 -0.1133166 -0.1112442 -0.0881645 0.0575767 -0.0844012 0.0349660 0.9941523
10.033333 -0.1022416 -0.1303102 -0.0860502 0.0584308 -0.0719986 0.0440718 0.9947159
10.200000 -0.0823694 -0.1508915 -0.0831890 0.0592436 -0.0621805 0.0580855 0.9946104
10.233333 -0.0792351 -0.1530813 -0.0827121 0.0606692 -0.0598875 0.0605795 0.9945164
10.266667 -0.0737635 -0.1545036 -0.0807045 0.0621565 -0.0578705 0.0619262 0.9944610
10.300000 -0.0731608 -0.1585400 -0.0827667 0.0625058 -0.0533126 0.0637693 0.9945775
10.333333 -0.0687639 -0.1609569 -0.0801771 0.0626660 -0.0521379 0.0670194 0.9944159
10.366667 -0.0612707 -0.1645359 -0.0736463 0.0631145 -0.0458520 0.0705831 0.9944507
10.400000 -0.0603387 -0.1653632 -0.0695073 0.0628300 -0.0431317 0.0737049 0.9943640
10.433333 -0.0544622 -0.1690532 -0.0656194 0.0611911 -0.0426638 0.0761738 0.9943002
10.466667 -0.0503266 -0.1736051 -0.0619335 0.0602164 -0.0403326 0.0778151 0.9943300
10.500000 -0.0503937 -0.1790354 -0.0636486 0.0590575 -0.0368569 0.0804962 0.9943209
10.533333 -0.0461730 -0.1822072 -0.0637777 0.0585948 -0.0358570 0.0824809 0.9942222
10.566667 -0.0398155 -0.1830276 -0.0605195 0.0596904 -0.0341907 0.0834894 0.9941316
10.600000 -0.0404584 -0.1842990 -0.0569892 0.0608800 -0.0295217 0.0853952 0.9940472
10.633333 -0.0348050 -0.1922529 -0.0592190 0.0586772 -0.0285306 0.0874185 0.9940327
10.733333 -0.0256925 -0.1916941 -0.0519663 0.0614018 -0.0182039 0.0927764 0.9936252
10.766667 -0.0229073 -0.1969060 -0.0529282 0.0608015 -0.0145665 0.0934741 0.9936567
10.800000 -0.0235792 -0.1959132 -0.0573096 0.0617878 -0.0100588 0.0955576 0.9934535
10.833333 -0.0294646 -0.1924573 -0.0554513 0.0631796 -0.0047381 0.0971932 0.9932469
10.866667 -0.0250420 -0.1973959 -0.0600000 0.0607702 -0.0013299 0.0979596 0.9933323
10.933333 -0.0249040 -0.1947795 -0.0583776 0.0617343 0.0061922 0.1012540 0.9929241
11.033333 -0.0163027 -0.1899444 -0.0498486 0.0643905 0.0168674 0.1056613 0.9921719
11.233333 -0.0060034 -0.1908316 -0.0533347 0.0705107 0.0401098 0.1062255 0.9910275
11.333333 0.0015647 -0.1849496 -0.0604406 0.0754902 0.0609758 0.1031348 0.9899224
11.433333 0.0064390 -0.1835357 -0.0465608 0.0767281 0.0730548 0.1074636 0.9885482
11.600000 0.0168401 -0.1785335 -0.0089706 0.0794334 0.1005365 0.1057602 0.9861022
11.733333 0.0299704 -0.1808627 0.0002469 0.0795405 0.1209715 0.1166443 0.9825647
11.800000 0.0225150 -0.1743007 0.0189853 0.0861073 0.1396289 0.1104390 0.9802513
11.833333 0.0462245 -0.1802751 0.0112493 0.0824841 0.1400380 0.1158918 0.9798749
11.866667 0.0465908 -0.1913253 0.0276036 0.0808547 0.1508473 0.1143720 0.9785840
11.900000 0.0655483 -0.1800974 0.0179218 0.0832372 0.1550476 0.1260954 0.9762847
11.933333 0.0698324 -0.1724215 0.0224010 0.0853571 0.1762687 0.1304504 0.9719188
