8.400000 0.0000000 0.0000000 0.0000000 -0.0000000 -0.0000000 -0.0000000 1.0000000
8.733333 -0.1094873 0.0070659 -0.0280874 0.0047815 -0.0121000 -0.0165868 0.9997778
8.900000 -0.1492067 0.0076988 -0.0370360 0.0077758 -0.0325486 -0.0203235 0.9992332
8.933333 -0.1622063 0.0063082 -0.0423428 0.0086061 -0.0339056 -0.0209084 0.9991692
8.966667 -0.1647424 0.0049273 -0.0441418 0.0096596 -0.0404882 -0.0215176 0.9989016
9.000000 -0.1666583 0.0042827 -0.0438255 0.0117672 -0.0458643 -0.0211858 0.9986537
9.133333 -0.1888240 -0.0114294 -0.0640214 0.0160763 -0.0626740 -0.0149762 0.9977922
9.166667 -0.1866053 -0.0109860 -0.0654344 0.0173311 -0.0698037 -0.0139356 0.9973128
9.200000 -0.1882696 -0.0103986 -0.0642436 0.0188554 -0.0740060 -0.0127322 0.9969983
9.233333 -0.1927647 -0.0164315 -0.0691051 0.0178658 -0.0773226 -0.0108309 0.9967873
9.266667 -0.1932713 -0.0199493 -0.0766021 0.0182215 -0.0826866 -0.0084236 0.9963734
9.366667 -0.1962117 -0.0344704 -0.0838238 0.0207006 -0.0960260 -0.0037944 0.9951563
9.400000 -0.1958819 -0.0384015 -0.0857088 0.0228465 -0.0964137 -0.0019129 0.9950773
9.433333 -0.1982088 -0.0530175 -0.0935485 0.0202149 -0.0989111 0.0005756 0.9948908
9.466667 -0.1972874 -0.0501993 -0.0920386 0.0253725 -0.0998507 0.0004524 0.9946788
9.500000 -0.1969654 -0.0519967 -0.0839109 0.0307736 -0.0979497 0.0021760 0.9947131
9.533333 -0.1993199 -0.0817464 -0.0967793 0.0245268 -0.0959170 0.0054163 0.9950724
9.566667 -0.1899502 -0.0855161 -0.0940634 0.0278477 -0.0978115 0.0042543 0.9948062
9.600000 -0.1790839 -0.0955924 -0.0936839 0.0294047 -0.0992845 0.0047116 0.9946133
9.633333 -0.1769295 -0.1020616 -0.0961701 0.0316639 -0.0974453 0.0062331 0.9947175
9.666667 -0.1793941 -0.0983921 -0.0899160 0.0381270 -0.0933377 0.0066519 0.9948820
9.700000 -0.1629087 -0.1152402 -0.0932404 0.0380670 -0.0953913 0.0109036 0.9946520
9.733333 -0.1791562 -0.1205601 -0.0960282 0.0385108 -0.0851831 0.0092342 0.9955780
9.766667 -0.1667975 -0.1317760 -0.0982036 0.0370780 -0.0873897 0.0178019 0.9953247
9.800000 -0.1624187 -0.1618177 -0.1086715 0.0268102 -0.0859652 0.0159269 0.9958100
9.833333 -0.1515595 -0.1633829 -0.1011057 0.0286014 -0.0868672 0.0206598 0.9955949
9.866667 -0.1517010 -0.1685277 -0.0906423 0.0280556 -0.0837052 0.0254213 0.9957711
9.900000 -0.1493002 -0.1642327 -0.0869291 0.0314402 -0.0815715 0.0230169 0.9959056
9.933333 -0.1440418 -0.1504705 -0.0851426 0.0392136 -0.0797947 0.0231707 0.9957702
9.966667 -0.1493874 -0.1394565 -0.0735189 0.0452961 -0.0738742 0.0246769 0.9959327
10.100000 -0.1091447 -0.1657477 -0.0794736 0.0433887 -0.0756901 0.0366883 0.9955111
10.166667 -0.0879478 -0.2001613 -0.0711248 0.0327497 -0.0759595 0.0462619 0.9954986
10.200000 -0.0716760 -0.1884382 -0.0540506 0.0397257 -0.0788503 0.0524095 0.9947149
10.233333 -0.0534105 -0.2082932 -0.0633464 0.0338747 -0.0821420 0.0567755 0.9944254
10.266667 -0.0448449 -0.2103415 -0.0575030 0.0344261 -0.0818258 0.0592666 0.9942871
10.300000 -0.0462486 -0.2356198 -0.0660423 0.0261724 -0.0760370 0.0612983 0.9948748
10.333333 -0.0527962 -0.2532057 -0.0723771 0.0195368 -0.0705527 0.0625470 0.9953535
10.366667 -0.0458669 -0.2501604 -0.0598232 0.0225149 -0.0637135 0.0647253 0.9956126
10.466667 -0.0040583 -0.2402752 -0.0213991 0.0260530 -0.0719625 0.0747229 0.9942632
10.500000 0.0078966 -0.2532700 -0.0254445 0.0206282 -0.0738980 0.0787185 0.9939401
10.533333 0.0189118 -0.2666503 -0.0206191 0.0147337 -0.0757495 0.0847585 0.9934087
10.566667 0.0346682 -0.2720266 -0.0139492 0.0132945 -0.0774833 0.0871414 0.9930891
10.600000 0.0429654 -0.2741433 -0.0111692 0.0133793 -0.0765246 0.0912247 0.9927956
10.633333 0.0613509 -0.2789588 -0.0037284 0.0115722 -0.0810414 0.0974400 0.9918689
10.666667 0.0482778 -0.2847689 -0.0047512 0.0109168 -0.0685150 0.0941006 0.9931423
10.700000 0.0486860 -0.2826217 -0.0058019 0.0133466 -0.0654656 0.0918154 0.9935321
10.733333 0.0512651 -0.2639618 0.0001680 0.0218317 -0.0644494 0.0936503 0.9932771
10.766667 0.0435496 -0.2579840 0.0107177 0.0261032 -0.0566517 0.0948380 0.9935366
10.833333 0.0677403 -0.3066307 0.0141086 0.0014207 -0.0563172 0.1027654 0.9931091
10.866667 0.0637582 -0.2862828 0.0198077 0.0104199 -0.0505691 0.1043796 0.9931964
10.900000 0.0881165 -0.3207220 0.0224352 -0.0068059 -0.0552928 0.1092117 0.9924561
10.933333 0.0709441 -0.2963574 0.0252337 0.0050886 -0.0453543 0.1093543 0.9929546
10.966667 0.0870525 -0.2867400 0.0342523 0.0098346 -0.0459767 0.1087804 0.9929533
11.000000 0.1021475 -0.2735161 0.0386226 0.0151717 -0.0509392 0.1105482 0.9924486
11.133333 0.1363161 -0.2681988 0.0477223 0.0183219 -0.0523341 0.1168000 0.9916064
11.166667 0.1178138 -0.2757579 0.0540950 0.0154669 -0.0385053 0.1137696 0.9926402
11.200000 0.1337855 -0.2941121 0.0404777 0.0088423 -0.0382385 0.1118391 0.9929510
11.233333 0.1388387 -0.2668436 0.0216973 0.0244159 -0.0340024 0.1135057 0.9926552
11.266667 0.1353633 -0.2515797 0.0146839 0.0352832 -0.0205523 0.1047906 0.9936557
11.300000 0.1199797 -0.2580678 0.0159132 0.0332874 -0.0084337 0.1078305 0.9935761
11.333333 0.1459416 -0.2473449 0.0267370 0.0360150 -0.0146598 0.1116851 0.9929826
11.366667 0.1073086 -0.2533038 0.0152231 0.0356741 0.0100634 0.1116115 0.9930604
