8.300000 0.0000000 0.0000000 0.0000000 -0.0000000 -0.0000000 -0.0000000 1.0000000
8.366667 -0.0204591 0.0067313 -0.0034040 -0.0019128 -0.0025708 -0.0047801 0.9999834
8.566667 -0.0605305 0.0089771 -0.0178691 -0.0036522 -0.0204060 -0.0194245 0.9995964
8.666667 -0.0772562 0.0068003 -0.0295135 -0.0035589 -0.0297903 -0.0231720 0.9992812
8.766667 -0.0984376 0.0053500 -0.0426892 -0.0023461 -0.0481906 -0.0240729 0.9985453
8.900000 -0.1115243 0.0052243 -0.0503067 -0.0011574 -0.0700771 -0.0245230 0.9972395
9.033333 -0.1246649 0.0010662 -0.0636781 0.0052272 -0.0916909 -0.0241348 0.9954813
9.166667 -0.1263118 -0.0075012 -0.0818654 0.0111973 -0.1170706 -0.0146114 0.9929530
9.300000 -0.1261631 -0.0148967 -0.0916406 0.0143851 -0.1359752 -0.0069354 0.9905835
9.466667 -0.1248532 -0.0345177 -0.1103578 0.0246584 -0.1508018 0.0035968 0.9882500
9.633333 -0.1172767 -0.0529988 -0.1175595 0.0459854 -0.1428286 0.0097877 0.9886302
9.800000 -0.1022345 -0.0728977 -0.1069906 0.0578609 -0.1313090 0.0278260 0.9892603
9.966667 -0.0914289 -0.0856680 -0.1006705 0.0616349 -0.1183898 0.0375919 0.9903393
10.133333 -0.0727718 -0.1024780 -0.0852993 0.0660983 -0.1071711 0.0551034 0.9905095
10.300000 -0.0592556 -0.1134474 -0.0746107 0.0724820 -0.0921261 0.0679371 0.9907793
10.500000 -0.0457828 -0.1254618 -0.0492181 0.0724679 -0.0728301 0.0845705 0.9911065
10.700000 -0.0356482 -0.1360344 -0.0364980 0.0750562 -0.0526614 0.0976041 0.9909928
10.933333 -0.0260397 -0.1396288 -0.0302016 0.0759153 -0.0283719 0.1080872 0.9908325
11.166667 -0.0153442 -0.1408543 -0.0312793 0.0792124 -0.0029986 0.1126856 0.9904637
11.200000 -0.0138520 -0.1405476 -0.0287982 0.0812219 0.0026787 0.1114197 0.9904451
11.233333 -0.0153039 -0.1402438 -0.0327889 0.0832825 0.0089556 0.1112857 0.9902521
11.266667 -0.0156270 -0.1382470 -0.0373919 0.0866612 0.0225347 0.1092098 0.9899774
11.300000 -0.0128424 -0.1373538 -0.0362458 0.0873069 0.0259580 0.1090529 0.9898541
11.333333 -0.0114346 -0.1356418 -0.0380245 0.0879347 0.0321672 0.1087506 0.9896495
11.366667 -0.0129236 -0.1357412 -0.0348912 0.0881186 0.0380714 0.1093744 0.9893548
